1.000000000000000000e+00 4.110016580673163111e-01
1.027034990139735982e+00 4.144020804883726261e-01
1.157486487082692639e+00 4.266836728156555014e-01
1.339774967779032266e+00 4.457042028233272335e-01
1.492323206747857789e+00 4.615181848704358325e-01
1.550771420935880052e+00 4.663546474486601756e-01
1.794996964287307373e+00 4.853979151804530545e-01
2.077684730517012746e+00 5.082715204301362366e-01
2.153781354474234355e+00 5.139912297618838277e-01
2.404891999991488394e+00 5.294045001041862708e-01
2.783629992883418502e+00 5.531665865060538811e-01
3.089863910015271387e+00 5.724302810436389111e-01
3.222014101800648955e+00 5.791301089634844912e-01
3.729437784024130398e+00 6.024005338230489226e-01
4.316773839423552417e+00 6.328580213266740140e-01
4.419600687745228740e+00 6.375136533117533588e-01
4.996607386924835303e+00 6.588793622417069562e-01
5.783505531623060136e+00 6.888293862986512028e-01
6.354046284932900690e+00 7.099967832203394336e-01
6.694329500821695866e+00 7.211569299411223488e-01
7.748595937280141399e+00 7.532970067474351605e-01
8.924970064736962527e+00 7.907209979967594338e-01
8.968895091265613573e+00 7.920766177615038428e-01
1.038137487220224209e+01 8.272335798836734089e-01
1.201630113191390770e+01 8.672613784060061448e-01
1.259785331794974894e+01 8.806232809071123935e-01
1.390870618490681920e+01 9.115208509838099715e-01
1.609913946183311140e+01 9.592783211774877916e-01
1.722729067731999564e+01 9.807471470218691589e-01
1.863453638073155361e+01 1.010077302890741269e+00
2.156922405374760388e+01 1.065925757490215675e+00
2.313272139649784265e+01 1.092254755518998088e+00
2.496608537907183134e+01 1.129164009819877634e+00
2.889790646162842336e+01 1.197024644163623197e+00
3.019251573690519663e+01 1.216440399114679938e+00
3.344893623431453733e+01 1.284441658550628862e+00
3.769578534585225782e+01 1.354745527196328236e+00
3.871669169850972025e+01 1.380786088449458937e+00
4.481404746557166163e+01 1.506237769065359888e+00
4.496986407654432583e+01 1.508775477034638657e+00
5.177409151901040474e+01 1.680318107277432471e+00
5.187165437288157932e+01 1.684150855470918584e+00
5.797308843996937355e+01 1.871364550008252525e+00
6.004073899923430702e+01 1.974109913830030649e+00
6.286720875681800180e+01 2.084132322243304358e+00
6.678171230635629740e+01 2.321091065126841713e+00
6.949634406607253823e+01 2.576737048651127626e+00
6.960750137327217146e+01 2.584991209585356664e+00
7.244154562177808998e+01 2.878895901168962546e+00
7.478703376567736427e+01 3.206216554638453786e+00
7.664013204185391714e+01 3.570752450987756177e+00
7.774618781532775813e+01 3.976734836512888727e+00
7.840315174078907035e+01 4.428876035794790944e+00
7.883049038105106376e+01 4.932424148660941476e+00
7.902878432707257161e+01 5.493223966005097658e+00
7.916348586818709521e+01 6.117784811528191646e+00
7.925326016790832284e+01 6.813356096853946831e+00
7.929478652853408960e+01 7.588011467003673793e+00
7.932733804885789652e+01 8.450742512924835026e+00
7.934162770675314391e+01 9.411563138814711849e+00
7.934793397463886322e+01 1.048162579565316932e+01
7.935657741108617813e+01 1.167335093009196534e+01
7.935924437344483806e+01 1.300057115124164930e+01
7.935924437344483806e+01 1.447869178873089702e+01
7.936223455220952872e+01 1.612486970566996547e+01
7.936223455220952872e+01 1.795821244203885669e+01
7.936255613369540640e+01 2.000000000000000355e+01
