1.000000000000000000e+00 5.425684667133479078e-01
1.157486487082692639e+00 5.570713881352901131e-01
1.335026209196969349e+00 5.724302810436389111e-01
1.339774967779032488e+00 5.727821310027478852e-01
1.550771420935880052e+00 5.863681023287193872e-01
1.794996964287307595e+00 6.007592219474475748e-01
2.077684730517012746e+00 6.160749090773911529e-01
2.404891999991488394e+00 6.338410447986370100e-01
2.480791906073718245e+00 6.375136533117533588e-01
2.783629992883418502e+00 6.499022455726335412e-01
3.222014101800648955e+00 6.655535703526439528e-01
3.729437784024130842e+00 6.826102406365454067e-01
4.316773839423552417e+00 7.023457861744331066e-01
4.572080573487348865e+00 7.099967832203395446e-01
4.996607386924835303e+00 7.209357970533997184e-01
5.783505531623060136e+00 7.390652863762849911e-01
6.694329500821694978e+00 7.576219608799091842e-01
7.748595937280141399e+00 7.796678561724473822e-01
8.315801707592754610e+00 7.907209979967594338e-01
8.968895091265613573e+00 8.019204727286315393e-01
1.038137487220224209e+01 8.219828062839115157e-01
1.201630113191390592e+01 8.431120934771538789e-01
1.390870618490681743e+01 8.680923219541417657e-01
1.492464092272172138e+01 8.806232809071123935e-01
1.609913946183311140e+01 8.935340400888620582e-01
1.863453638073155361e+01 9.161925330804089329e-01
2.156922405374761098e+01 9.401780282942353573e-01
2.496608537907183489e+01 9.680909057500051151e-01
2.658746280831501707e+01 9.807471470218693810e-01
2.889790646162842336e+01 9.968117120546374776e-01
3.344893623431453733e+01 1.022576702828082773e+00
3.871669169850972025e+01 1.050015731941663422e+00
4.481404746557166163e+01 1.082067027134865134e+00
4.686980585235913566e+01 1.092254755518998088e+00
5.187165437288157932e+01 1.114471177121928669e+00
6.004073899923430702e+01 1.143221378598757498e+00
6.949634406607253823e+01 1.175488934660805285e+00
8.044107915812841725e+01 1.211760917953864203e+00
8.194606341450659670e+01 1.216440399114680160e+00
9.310946213188289278e+01 1.247401083310586856e+00
1.077729442371921067e+02 1.281270927902952828e+00
1.247457266276664001e+02 1.317485712840003487e+00
1.425170414083985690e+02 1.354745527196328236e+00
1.443914928928354868e+02 1.358441708366095790e+00
1.671312018731536853e+02 1.398160371289473902e+00
1.934521077380651377e+02 1.436699524295674824e+00
2.239182006044756008e+02 1.477835723251390121e+00
2.469791678111946567e+02 1.508775477034638657e+00
2.591822914115520575e+02 1.523972119918035162e+00
3.000000000000001137e+02 1.567747787632158829e+00
